[1317.333, 104.200, 92.560 , 39.480  ,12.600]
[1317.333, 110.576, 109.900, 97.865  ,63.002]
[1317.333, 131.060, 130.551, 126.434 ,94.400]

[867.632, 821.700, 705.200, 520.400, 287.900]
[867.632, 908.837, 752.985, 737.594, 696.029]
[867.632, 916.260, 868.730, 808.500, 369.300]

[173.469, 14.010,  12.118,  4.936 ,  1.234]
[173.469, 14.238,  13.865,  13.352,  9.236]
[173.469, 16.536,  16.446,  16.359,  15.777]

[52.873,  34.000,  36.989,  23.176,  10.721]
[52.873,  35.750,  35.703,  34.495,  30.583]
[52.873,  39.795,  39.713,  39.060,  39.119]



